#
# station, type, station-pqr-to-etrs-matrix(9x float)
#
cs021, lba , -0.1195951054, -0.7919544517, 0.5987530018, 0.9928227484, -0.0954186800, 0.0720990002, 0.0000330969, 0.6030782884, 0.7976820024
cs021, hba0, -0.1195951054, -0.7919544517, 0.5987530018, 0.9928227484, -0.0954186800, 0.0720990002, 0.0000330969, 0.6030782884, 0.7976820024
cs021, hba1, -0.1195951054, -0.7919544517, 0.5987530018, 0.9928227484, -0.0954186800, 0.0720990002, 0.0000330969, 0.6030782884, 0.7976820024
cs007, lba , -0.1195951054, -0.7919544517, 0.5987530018, 0.9928227484, -0.0954186800, 0.0720990002, 0.0000330969, 0.6030782884, 0.7976820024
cs007, hba0, -0.1195951054, -0.7919544517, 0.5987530018, 0.9928227484, -0.0954186800, 0.0720990002, 0.0000330969, 0.6030782884, 0.7976820024
cs007, hba1, -0.1195951054, -0.7919544517, 0.5987530018, 0.9928227484, -0.0954186800, 0.0720990002, 0.0000330969, 0.6030782884, 0.7976820024
de601, lba , -0.1194530812, -0.7664166332, 0.6311390542, 0.9928398258, -0.0923417544, 0.0757765178, 0.0002041039, 0.6356717271, 0.7719594637
de601, hba , -0.1197220383, -0.7663214468, 0.6312036706, 0.9928074425, -0.0923302859, 0.0762135182, -0.0001248381, 0.6357881396, 0.7718636058
rs509, lba , -0.1195951054, -0.7919544517, 0.5987530018, 0.9928227484, -0.0954186800, 0.0720990002, 0.0000330969, 0.6030782884, 0.7976820024
rs509, hba , -0.1195951054, -0.7919544517, 0.5987530018, 0.9928227484, -0.0954186800, 0.0720990002, 0.0000330969, 0.6030782884, 0.7976820024
cs006, lba , -0.1195951054, -0.7919544517, 0.5987530018, 0.9928227484, -0.0954186800, 0.0720990002, 0.0000330969, 0.6030782884, 0.7976820024
cs006, hba0, -0.1195951054, -0.7919544517, 0.5987530018, 0.9928227484, -0.0954186800, 0.0720990002, 0.0000330969, 0.6030782884, 0.7976820024
cs006, hba1, -0.1195951054, -0.7919544517, 0.5987530018, 0.9928227484, -0.0954186800, 0.0720990002, 0.0000330969, 0.6030782884, 0.7976820024
cs103, lba , -0.1195951054, -0.7919544517, 0.5987530018, 0.9928227484, -0.0954186800, 0.0720990002, 0.0000330969, 0.6030782884, 0.7976820024
cs103, hba0, -0.1195951054, -0.7919544517, 0.5987530018, 0.9928227484, -0.0954186800, 0.0720990002, 0.0000330969, 0.6030782884, 0.7976820024
cs103, hba1, -0.1195951054, -0.7919544517, 0.5987530018, 0.9928227484, -0.0954186800, 0.0720990002, 0.0000330969, 0.6030782884, 0.7976820024
cs002, lba , -0.1195951054, -0.7919544517, 0.5987530018, 0.9928227484, -0.0954186800, 0.0720990002, 0.0000330969, 0.6030782884, 0.7976820024
cs002, hba0, -0.1195951054, -0.7919544517, 0.5987530018, 0.9928227484, -0.0954186800, 0.0720990002, 0.0000330969, 0.6030782884, 0.7976820024
cs002, hba1, -0.1195951054, -0.7919544517, 0.5987530018, 0.9928227484, -0.0954186800, 0.0720990002, 0.0000330969, 0.6030782884, 0.7976820024
rs205, lba , -0.1195951054, -0.7919544517, 0.5987530018, 0.9928227484, -0.0954186800, 0.0720990002, 0.0000330969, 0.6030782884, 0.7976820024
rs205, hba , -0.1195951054, -0.7919544517, 0.5987530018, 0.9928227484, -0.0954186800, 0.0720990002, 0.0000330969, 0.6030782884, 0.7976820024
cs003, lba , -0.1195951054, -0.7919544517, 0.5987530018, 0.9928227484, -0.0954186800, 0.0720990002, 0.0000330969, 0.6030782884, 0.7976820024
cs003, hba0, -0.1195951054, -0.7919544517, 0.5987530018, 0.9928227484, -0.0954186800, 0.0720990002, 0.0000330969, 0.6030782884, 0.7976820024
cs003, hba1, -0.1195951054, -0.7919544517, 0.5987530018, 0.9928227484, -0.0954186800, 0.0720990002, 0.0000330969, 0.6030782884, 0.7976820024
rs307, lba , -0.1195951054, -0.7919544517, 0.5987530018, 0.9928227484, -0.0954186800, 0.0720990002, 0.0000330969, 0.6030782884, 0.7976820024
rs307, hba , -0.1195951054, -0.7919544517, 0.5987530018, 0.9928227484, -0.0954186800, 0.0720990002, 0.0000330969, 0.6030782884, 0.7976820024
cs024, lba , -0.1195951054, -0.7919544517, 0.5987530018, 0.9928227484, -0.0954186800, 0.0720990002, 0.0000330969, 0.6030782884, 0.7976820024
cs024, hba0, -0.1195951054, -0.7919544517, 0.5987530018, 0.9928227484, -0.0954186800, 0.0720990002, 0.0000330969, 0.6030782884, 0.7976820024
cs024, hba1, -0.1195951054, -0.7919544517, 0.5987530018, 0.9928227484, -0.0954186800, 0.0720990002, 0.0000330969, 0.6030782884, 0.7976820024
cs401, lba , -0.1195951054, -0.7919544517, 0.5987530018, 0.9928227484, -0.0954186800, 0.0720990002, 0.0000330969, 0.6030782884, 0.7976820024
cs401, hba0, -0.1195951054, -0.7919544517, 0.5987530018, 0.9928227484, -0.0954186800, 0.0720990002, 0.0000330969, 0.6030782884, 0.7976820024
cs401, hba1, -0.1195951054, -0.7919544517, 0.5987530018, 0.9928227484, -0.0954186800, 0.0720990002, 0.0000330969, 0.6030782884, 0.7976820024
rs503, lba , -0.1195951054, -0.7919544517, 0.5987530018, 0.9928227484, -0.0954186800, 0.0720990002, 0.0000330969, 0.6030782884, 0.7976820024
rs503, hba , -0.1195951054, -0.7919544517, 0.5987530018, 0.9928227484, -0.0954186800, 0.0720990002, 0.0000330969, 0.6030782884, 0.7976820024
cs001, lba , -0.1195951054, -0.7919544517, 0.5987530018, 0.9928227484, -0.0954186800, 0.0720990002, 0.0000330969, 0.6030782884, 0.7976820024
cs001, hba0, -0.1195951054, -0.7919544517, 0.5987530018, 0.9928227484, -0.0954186800, 0.0720990002, 0.0000330969, 0.6030782884, 0.7976820024
cs001, hba1, -0.1195951054, -0.7919544517, 0.5987530018, 0.9928227484, -0.0954186800, 0.0720990002, 0.0000330969, 0.6030782884, 0.7976820024
cs301, lba , -0.1195951054, -0.7919544517, 0.5987530018, 0.9928227484, -0.0954186800, 0.0720990002, 0.0000330969, 0.6030782884, 0.7976820024
cs301, hba0, -0.1195951054, -0.7919544517, 0.5987530018, 0.9928227484, -0.0954186800, 0.0720990002, 0.0000330969, 0.6030782884, 0.7976820024
cs301, hba1, -0.1195951054, -0.7919544517, 0.5987530018, 0.9928227484, -0.0954186800, 0.0720990002, 0.0000330969, 0.6030782884, 0.7976820024
de604, lba , -0.1687911945, -0.7811027607, 0.6011555621, 0.9835959335, -0.0941112134, 0.1538899575, -0.0636283913, 0.6172694361, 0.7841746433
cs030, lba , -0.1195951054, -0.7919544517, 0.5987530018, 0.9928227484, -0.0954186800, 0.0720990002, 0.0000330969, 0.6030782884, 0.7976820024
cs030, hba0, -0.1195951054, -0.7919544517, 0.5987530018, 0.9928227484, -0.0954186800, 0.0720990002, 0.0000330969, 0.6030782884, 0.7976820024
cs030, hba1, -0.1195951054, -0.7919544517, 0.5987530018, 0.9928227484, -0.0954186800, 0.0720990002, 0.0000330969, 0.6030782884, 0.7976820024
rs106, lba , -0.1195951054, -0.7919544517, 0.5987530018, 0.9928227484, -0.0954186800, 0.0720990002, 0.0000330969, 0.6030782884, 0.7976820024
rs106, hba , -0.1195951054, -0.7919544517, 0.5987530018, 0.9928227484, -0.0954186800, 0.0720990002, 0.0000330969, 0.6030782884, 0.7976820024
rs306, lba , -0.1195951054, -0.7919544517, 0.5987530018, 0.9928227484, -0.0954186800, 0.0720990002, 0.0000330969, 0.6030782884, 0.7976820024
rs306, hba , -0.1195951054, -0.7919544517, 0.5987530018, 0.9928227484, -0.0954186800, 0.0720990002, 0.0000330969, 0.6030782884, 0.7976820024
cs302, lba , -0.1195951054, -0.7919544517, 0.5987530018, 0.9928227484, -0.0954186800, 0.0720990002, 0.0000330969, 0.6030782884, 0.7976820024
cs302, hba0, -0.1195951054, -0.7919544517, 0.5987530018, 0.9928227484, -0.0954186800, 0.0720990002, 0.0000330969, 0.6030782884, 0.7976820024
cs302, hba1, -0.1195951054, -0.7919544517, 0.5987530018, 0.9928227484, -0.0954186800, 0.0720990002, 0.0000330969, 0.6030782884, 0.7976820024
de603, lba , -0.1334809156, -0.7877259031, 0.6013906773, 0.9908835110, -0.0949092031, 0.0956143863, -0.0182404188, 0.6086708016, 0.7932131759
de603, hba , -0.1334960861, -0.7876731599, 0.6014563893, 0.9908811597, -0.0949028483, 0.0956450562, -0.0182571191, 0.6087400452, 0.7931596529
cs004, lba , -0.1195951054, -0.7919544517, 0.5987530018, 0.9928227484, -0.0954186800, 0.0720990002, 0.0000330969, 0.6030782884, 0.7976820024
cs004, hba0, -0.1195951054, -0.7919544517, 0.5987530018, 0.9928227484, -0.0954186800, 0.0720990002, 0.0000330969, 0.6030782884, 0.7976820024
cs004, hba1, -0.1195951054, -0.7919544517, 0.5987530018, 0.9928227484, -0.0954186800, 0.0720990002, 0.0000330969, 0.6030782884, 0.7976820024
rs208, lba , -0.1198462583, -0.7896526923, 0.6017354069, 0.9927924178, -0.0951413524, 0.0728789281, -0.0002991213, 0.6061326163, 0.7953635407
rs208, hba , -0.1195951054, -0.7919544517, 0.5987530018, 0.9928227484, -0.0954186800, 0.0720990002, 0.0000330969, 0.6030782884, 0.7976820024
cs005, lba , -0.1195951054, -0.7919544517, 0.5987530018, 0.9928227484, -0.0954186800, 0.0720990002, 0.0000330969, 0.6030782884, 0.7976820024
cs005, hba0, -0.1195951054, -0.7919544517, 0.5987530018, 0.9928227484, -0.0954186800, 0.0720990002, 0.0000330969, 0.6030782884, 0.7976820024
cs005, hba1, -0.1195951054, -0.7919544517, 0.5987530018, 0.9928227484, -0.0954186800, 0.0720990002, 0.0000330969, 0.6030782884, 0.7976820024
