#
# station, type, station-pqr-to-etrs-matrix(9x float)
#
cs301, lba , -0.1195951054, -0.7919544517, 0.5987530018, 0.9928227484, -0.0954186800, 0.0720990002, 0.0000330969, 0.6030782884, 0.7976820024
cs301, hba0, -0.1195951054, -0.7919544517, 0.5987530018, 0.9928227484, -0.0954186800, 0.0720990002, 0.0000330969, 0.6030782884, 0.7976820024
cs301, hba1, -0.1195951054, -0.7919544517, 0.5987530018, 0.9928227484, -0.0954186800, 0.0720990002, 0.0000330969, 0.6030782884, 0.7976820024
cs024, lba , -0.1195951054, -0.7919544517, 0.5987530018, 0.9928227484, -0.0954186800, 0.0720990002, 0.0000330969, 0.6030782884, 0.7976820024
cs024, hba0, -0.1195951054, -0.7919544517, 0.5987530018, 0.9928227484, -0.0954186800, 0.0720990002, 0.0000330969, 0.6030782884, 0.7976820024
cs024, hba1, -0.1195951054, -0.7919544517, 0.5987530018, 0.9928227484, -0.0954186800, 0.0720990002, 0.0000330969, 0.6030782884, 0.7976820024
cs007, lba , -0.1195951054, -0.7919544517, 0.5987530018, 0.9928227484, -0.0954186800, 0.0720990002, 0.0000330969, 0.6030782884, 0.7976820024
cs007, hba0, -0.1195951054, -0.7919544517, 0.5987530018, 0.9928227484, -0.0954186800, 0.0720990002, 0.0000330969, 0.6030782884, 0.7976820024
cs007, hba1, -0.1195951054, -0.7919544517, 0.5987530018, 0.9928227484, -0.0954186800, 0.0720990002, 0.0000330969, 0.6030782884, 0.7976820024
rs406, lba , -0.1231490036, -0.7970634976, 0.5912056357, 0.9923766349, -0.0960342438, 0.0772401358, -0.0047893066, 0.5962107051, 0.8028137130
rs406, hba , -0.1231490036, -0.7970634976, 0.5912056357, 0.9923766349, -0.0960342438, 0.0772401358, -0.0047893066, 0.5962107051, 0.8028137130
rs205, lba , -0.1195951054, -0.7919544517, 0.5987530018, 0.9928227484, -0.0954186800, 0.0720990002, 0.0000330969, 0.6030782884, 0.7976820024
rs205, hba , -0.1195951054, -0.7919544517, 0.5987530018, 0.9928227484, -0.0954186800, 0.0720990002, 0.0000330969, 0.6030782884, 0.7976820024
cs201, lba , -0.1195951054, -0.7919544517, 0.5987530018, 0.9928227484, -0.0954186800, 0.0720990002, 0.0000330969, 0.6030782884, 0.7976820024
cs201, hba0, -0.1195951054, -0.7919544517, 0.5987530018, 0.9928227484, -0.0954186800, 0.0720990002, 0.0000330969, 0.6030782884, 0.7976820024
cs201, hba1, -0.1195951054, -0.7919544517, 0.5987530018, 0.9928227484, -0.0954186800, 0.0720990002, 0.0000330969, 0.6030782884, 0.7976820024
de604, lba , -0.1687911945, -0.7811027607, 0.6011555621, 0.9835959335, -0.0941112134, 0.1538899575, -0.0636283913, 0.6172694361, 0.7841746433
de604, hba , -0.1687955875, -0.7811092351, 0.6011459161, 0.9835947185, -0.0941119935, 0.1538972464, -0.0636355199, 0.6172611243, 0.7841806074
cs004, lba , -0.1195951054, -0.7919544517, 0.5987530018, 0.9928227484, -0.0954186800, 0.0720990002, 0.0000330969, 0.6030782884, 0.7976820024
cs004, hba0, -0.1195951054, -0.7919544517, 0.5987530018, 0.9928227484, -0.0954186800, 0.0720990002, 0.0000330969, 0.6030782884, 0.7976820024
cs004, hba1, -0.1195951054, -0.7919544517, 0.5987530018, 0.9928227484, -0.0954186800, 0.0720990002, 0.0000330969, 0.6030782884, 0.7976820024
cs021, lba , -0.1195951054, -0.7919544517, 0.5987530018, 0.9928227484, -0.0954186800, 0.0720990002, 0.0000330969, 0.6030782884, 0.7976820024
cs021, hba0, -0.1195951054, -0.7919544517, 0.5987530018, 0.9928227484, -0.0954186800, 0.0720990002, 0.0000330969, 0.6030782884, 0.7976820024
cs021, hba1, -0.1195951054, -0.7919544517, 0.5987530018, 0.9928227484, -0.0954186800, 0.0720990002, 0.0000330969, 0.6030782884, 0.7976820024
cs028, lba , -0.1195951054, -0.7919544517, 0.5987530018, 0.9928227484, -0.0954186800, 0.0720990002, 0.0000330969, 0.6030782884, 0.7976820024
cs028, hba0, -0.1195951054, -0.7919544517, 0.5987530018, 0.9928227484, -0.0954186800, 0.0720990002, 0.0000330969, 0.6030782884, 0.7976820024
cs028, hba1, -0.1195951054, -0.7919544517, 0.5987530018, 0.9928227484, -0.0954186800, 0.0720990002, 0.0000330969, 0.6030782884, 0.7976820024
cs002, lba , -0.1195951054, -0.7919544517, 0.5987530018, 0.9928227484, -0.0954186800, 0.0720990002, 0.0000330969, 0.6030782884, 0.7976820024
cs002, hba0, -0.1195951054, -0.7919544517, 0.5987530018, 0.9928227484, -0.0954186800, 0.0720990002, 0.0000330969, 0.6030782884, 0.7976820024
cs002, hba1, -0.1195951054, -0.7919544517, 0.5987530018, 0.9928227484, -0.0954186800, 0.0720990002, 0.0000330969, 0.6030782884, 0.7976820024
cs003, lba , -0.1195951054, -0.7919544517, 0.5987530018, 0.9928227484, -0.0954186800, 0.0720990002, 0.0000330969, 0.6030782884, 0.7976820024
cs003, hba0, -0.1195951054, -0.7919544517, 0.5987530018, 0.9928227484, -0.0954186800, 0.0720990002, 0.0000330969, 0.6030782884, 0.7976820024
cs003, hba1, -0.1195951054, -0.7919544517, 0.5987530018, 0.9928227484, -0.0954186800, 0.0720990002, 0.0000330969, 0.6030782884, 0.7976820024
rs306, lba , -0.1195951054, -0.7919544517, 0.5987530018, 0.9928227484, -0.0954186800, 0.0720990002, 0.0000330969, 0.6030782884, 0.7976820024
rs306, hba , -0.1195951054, -0.7919544517, 0.5987530018, 0.9928227484, -0.0954186800, 0.0720990002, 0.0000330969, 0.6030782884, 0.7976820024
de605, lba , -0.1032226072, -0.7705364038, 0.6289823080, 0.9944515889, -0.0928381253, 0.0494683717, 0.0202763571, 0.6305987099, 0.7758441444
de605, hba , -0.1032262224, -0.7705496189, 0.6289655251, 0.9944512868, -0.0928397175, 0.0494714567, 0.0202727695, 0.6305823274, 0.7758575534
rs508, lba , -0.1190892356, -0.7957570796, 0.5937915663, 0.9928832966, -0.0958768399, 0.0706426986, 0.0007164314, 0.5979785128, 0.8015118121
rs508, hba , -0.1190892356, -0.7957570796, 0.5937915663, 0.9928832966, -0.0958768399, 0.0706426986, 0.0007164314, 0.5979785128, 0.8015118121
cs031, lba , -0.1195951054, -0.7919544517, 0.5987530018, 0.9928227484, -0.0954186800, 0.0720990002, 0.0000330969, 0.6030782884, 0.7976820024
cs031, hba0, -0.1195951054, -0.7919544517, 0.5987530018, 0.9928227484, -0.0954186800, 0.0720990002, 0.0000330969, 0.6030782884, 0.7976820024
cs031, hba1, -0.1195951054, -0.7919544517, 0.5987530018, 0.9928227484, -0.0954186800, 0.0720990002, 0.0000330969, 0.6030782884, 0.7976820024
cs001, lba , -0.1195951054, -0.7919544517, 0.5987530018, 0.9928227484, -0.0954186800, 0.0720990002, 0.0000330969, 0.6030782884, 0.7976820024
cs001, hba0, -0.1195951054, -0.7919544517, 0.5987530018, 0.9928227484, -0.0954186800, 0.0720990002, 0.0000330969, 0.6030782884, 0.7976820024
cs001, hba1, -0.1195951054, -0.7919544517, 0.5987530018, 0.9928227484, -0.0954186800, 0.0720990002, 0.0000330969, 0.6030782884, 0.7976820024
cs026, lba , -0.1195951054, -0.7919544517, 0.5987530018, 0.9928227484, -0.0954186800, 0.0720990002, 0.0000330969, 0.6030782884, 0.7976820024
cs026, hba0, -0.1195951054, -0.7919544517, 0.5987530018, 0.9928227484, -0.0954186800, 0.0720990002, 0.0000330969, 0.6030782884, 0.7976820024
cs026, hba1, -0.1195951054, -0.7919544517, 0.5987530018, 0.9928227484, -0.0954186800, 0.0720990002, 0.0000330969, 0.6030782884, 0.7976820024
FI609, lba , -0.1488161195, -0.9307614981, 0.3339712506, 0.9855896004, -0.1121428554, 0.1266377496, -0.0804170519, 0.3480043299, 0.9340375175
FI609, hba , -0.1488182628, -0.9307082344, 0.3341187022, 0.9855919695, -0.1121364380, 0.1266249936, -0.0803840431, 0.3481488213, 0.9339865116
cs302, lba , -0.1195951054, -0.7919544517, 0.5987530018, 0.9928227484, -0.0954186800, 0.0720990002, 0.0000330969, 0.6030782884, 0.7976820024
cs302, hba0, -0.1195951054, -0.7919544517, 0.5987530018, 0.9928227484, -0.0954186800, 0.0720990002, 0.0000330969, 0.6030782884, 0.7976820024
cs302, hba1, -0.1195951054, -0.7919544517, 0.5987530018, 0.9928227484, -0.0954186800, 0.0720990002, 0.0000330969, 0.6030782884, 0.7976820024
rs509, lba , -0.1195951054, -0.7919544517, 0.5987530018, 0.9928227484, -0.0954186800, 0.0720990002, 0.0000330969, 0.6030782884, 0.7976820024
rs509, hba , -0.1195951054, -0.7919544517, 0.5987530018, 0.9928227484, -0.0954186800, 0.0720990002, 0.0000330969, 0.6030782884, 0.7976820024
de602, lba , -0.1393102433, -0.7356454341, 0.6628864544, 0.9900056752, -0.0886342847, 0.1096937857, -0.0219412659, 0.6715428198, 0.7406408185
de602, hba , -0.1529874576, -0.7445656232, 0.6497821716, 0.9874864006, -0.0897090342, 0.1297031138, -0.0382811487, 0.6614940075, 0.7489727844
de601, lba , -0.1194530812, -0.7664166332, 0.6311390542, 0.9928398258, -0.0923417544, 0.0757765178, 0.0002041039, 0.6356717271, 0.7719594637
de601, hba , -0.1197220383, -0.7663214468, 0.6312036706, 0.9928074425, -0.0923302859, 0.0762135182, -0.0001248381, 0.6357881396, 0.7718636058
rs307, lba , -0.1195951054, -0.7919544517, 0.5987530018, 0.9928227484, -0.0954186800, 0.0720990002, 0.0000330969, 0.6030782884, 0.7976820024
rs307, hba , -0.1195951054, -0.7919544517, 0.5987530018, 0.9928227484, -0.0954186800, 0.0720990002, 0.0000330969, 0.6030782884, 0.7976820024
cs006, lba , -0.1195951054, -0.7919544517, 0.5987530018, 0.9928227484, -0.0954186800, 0.0720990002, 0.0000330969, 0.6030782884, 0.7976820024
cs006, hba0, -0.1195951054, -0.7919544517, 0.5987530018, 0.9928227484, -0.0954186800, 0.0720990002, 0.0000330969, 0.6030782884, 0.7976820024
cs006, hba1, -0.1195951054, -0.7919544517, 0.5987530018, 0.9928227484, -0.0954186800, 0.0720990002, 0.0000330969, 0.6030782884, 0.7976820024
rs208, lba , -0.1198462583, -0.7896526923, 0.6017354069, 0.9927924178, -0.0951413524, 0.0728789281, -0.0002991213, 0.6061326163, 0.7953635407
rs208, hba , -0.1195951054, -0.7919544517, 0.5987530018, 0.9928227484, -0.0954186800, 0.0720990002, 0.0000330969, 0.6030782884, 0.7976820024
cs011, lba , -0.1195951054, -0.7919544517, 0.5987530018, 0.9928227484, -0.0954186800, 0.0720990002, 0.0000330969, 0.6030782884, 0.7976820024
cs011, hba0, -0.1195951054, -0.7919544517, 0.5987530018, 0.9928227484, -0.0954186800, 0.0720990002, 0.0000330969, 0.6030782884, 0.7976820024
cs011, hba1, -0.1195951054, -0.7919544517, 0.5987530018, 0.9928227484, -0.0954186800, 0.0720990002, 0.0000330969, 0.6030782884, 0.7976820024
cs017, lba , -0.1195951054, -0.7919544517, 0.5987530018, 0.9928227484, -0.0954186800, 0.0720990002, 0.0000330969, 0.6030782884, 0.7976820024
cs017, hba0, -0.1195951054, -0.7919544517, 0.5987530018, 0.9928227484, -0.0954186800, 0.0720990002, 0.0000330969, 0.6030782884, 0.7976820024
cs017, hba1, -0.1195951054, -0.7919544517, 0.5987530018, 0.9928227484, -0.0954186800, 0.0720990002, 0.0000330969, 0.6030782884, 0.7976820024
cs013, lba , -0.1195951054, -0.7919544517, 0.5987530018, 0.9928227484, -0.0954186800, 0.0720990002, 0.0000330969, 0.6030782884, 0.7976820024
cs013, hba0, -0.1195951054, -0.7919544517, 0.5987530018, 0.9928227484, -0.0954186800, 0.0720990002, 0.0000330969, 0.6030782884, 0.7976820024
cs013, hba1, -0.1195951054, -0.7919544517, 0.5987530018, 0.9928227484, -0.0954186800, 0.0720990002, 0.0000330969, 0.6030782884, 0.7976820024
se607, lba , -0.1434910187, -0.8356935828, 0.5301193858, 0.9889342437, -0.1006885919, 0.1089535179, -0.0376747812, 0.5398870652, 0.8408939099
se607, hba , -0.1450609384, -0.8359350936, 0.5293107248, 0.9886054814, -0.1007176904, 0.1118711263, -0.0402060468, 0.5395076145, 0.8410202184
cs005, lba , -0.1195951054, -0.7919544517, 0.5987530018, 0.9928227484, -0.0954186800, 0.0720990002, 0.0000330969, 0.6030782884, 0.7976820024
cs005, hba0, -0.1195951054, -0.7919544517, 0.5987530018, 0.9928227484, -0.0954186800, 0.0720990002, 0.0000330969, 0.6030782884, 0.7976820024
cs005, hba1, -0.1195951054, -0.7919544517, 0.5987530018, 0.9928227484, -0.0954186800, 0.0720990002, 0.0000330969, 0.6030782884, 0.7976820024
de603, lba , -0.1334809156, -0.7877259031, 0.6013906773, 0.9908835110, -0.0949092031, 0.0956143863, -0.0182404188, 0.6086708016, 0.7932131759
de603, hba , -0.1334960861, -0.7876731599, 0.6014563893, 0.9908811597, -0.0949028483, 0.0956450562, -0.0182571191, 0.6087400452, 0.7931596529
uk608, lba , -0.0635635542, -0.7765468618, 0.6268449936, 0.9955010195, -0.0935622956, -0.0149605152, 0.0702665977, 0.6230738867, 0.7790003447
uk608, hba , -0.0638438351, -0.7759896972, 0.6275061391, 0.9955165671, -0.0934951656, -0.0143324330, 0.0697906108, 0.6237777199, 0.7784796894
fr606, lba , -0.0821044514, -0.7312384111, 0.6771626431, 0.9957823947, -0.0881033042, 0.0255974649, 0.0409424168, 0.6764083041, 0.7353880096
fr606, hba , -0.0822838356, -0.7309509762, 0.6774511354, 0.9957770021, -0.0880686726, 0.0259243331, 0.0407128056, 0.6767234142, 0.7351107999
cs103, lba , -0.1195951054, -0.7919544517, 0.5987530018, 0.9928227484, -0.0954186800, 0.0720990002, 0.0000330969, 0.6030782884, 0.7976820024
cs103, hba0, -0.1195951054, -0.7919544517, 0.5987530018, 0.9928227484, -0.0954186800, 0.0720990002, 0.0000330969, 0.6030782884, 0.7976820024
cs103, hba1, -0.1195951054, -0.7919544517, 0.5987530018, 0.9928227484, -0.0954186800, 0.0720990002, 0.0000330969, 0.6030782884, 0.7976820024
cs101, lba , -0.1195951054, -0.7919544517, 0.5987530018, 0.9928227484, -0.0954186800, 0.0720990002, 0.0000330969, 0.6030782884, 0.7976820024
cs101, hba0, -0.1195951054, -0.7919544517, 0.5987530018, 0.9928227484, -0.0954186800, 0.0720990002, 0.0000330969, 0.6030782884, 0.7976820024
cs101, hba1, -0.1195951054, -0.7919544517, 0.5987530018, 0.9928227484, -0.0954186800, 0.0720990002, 0.0000330969, 0.6030782884, 0.7976820024
rs305, lba , -0.1195794394, -0.7921780051, 0.5984603294, 0.9928246344, -0.0954456149, 0.0720373503, 0.0000540097, 0.6027803438, 0.7979071715
rs305, hba , -0.1195951054, -0.7919544517, 0.5987530018, 0.9928227484, -0.0954186800, 0.0720990002, 0.0000330969, 0.6030782884, 0.7976820024
cs401, lba , -0.1195951054, -0.7919544517, 0.5987530018, 0.9928227484, -0.0954186800, 0.0720990002, 0.0000330969, 0.6030782884, 0.7976820024
cs401, hba0, -0.1195951054, -0.7919544517, 0.5987530018, 0.9928227484, -0.0954186800, 0.0720990002, 0.0000330969, 0.6030782884, 0.7976820024
cs401, hba1, -0.1195951054, -0.7919544517, 0.5987530018, 0.9928227484, -0.0954186800, 0.0720990002, 0.0000330969, 0.6030782884, 0.7976820024
cs501, lba , -0.1195951054, -0.7919544517, 0.5987530018, 0.9928227484, -0.0954186800, 0.0720990002, 0.0000330969, 0.6030782884, 0.7976820024
cs501, hba0, -0.1195951054, -0.7919544517, 0.5987530018, 0.9928227484, -0.0954186800, 0.0720990002, 0.0000330969, 0.6030782884, 0.7976820024
cs501, hba1, -0.1195951054, -0.7919544517, 0.5987530018, 0.9928227484, -0.0954186800, 0.0720990002, 0.0000330969, 0.6030782884, 0.7976820024
rs503, lba , -0.1195951054, -0.7919544517, 0.5987530018, 0.9928227484, -0.0954186800, 0.0720990002, 0.0000330969, 0.6030782884, 0.7976820024
rs503, hba , -0.1195951054, -0.7919544517, 0.5987530018, 0.9928227484, -0.0954186800, 0.0720990002, 0.0000330969, 0.6030782884, 0.7976820024
cs030, lba , -0.1195951054, -0.7919544517, 0.5987530018, 0.9928227484, -0.0954186800, 0.0720990002, 0.0000330969, 0.6030782884, 0.7976820024
cs030, hba0, -0.1195951054, -0.7919544517, 0.5987530018, 0.9928227484, -0.0954186800, 0.0720990002, 0.0000330969, 0.6030782884, 0.7976820024
cs030, hba1, -0.1195951054, -0.7919544517, 0.5987530018, 0.9928227484, -0.0954186800, 0.0720990002, 0.0000330969, 0.6030782884, 0.7976820024
rs106, lba , -0.1195951054, -0.7919544517, 0.5987530018, 0.9928227484, -0.0954186800, 0.0720990002, 0.0000330969, 0.6030782884, 0.7976820024
rs106, hba , -0.1195951054, -0.7919544517, 0.5987530018, 0.9928227484, -0.0954186800, 0.0720990002, 0.0000330969, 0.6030782884, 0.7976820024
cs032, lba , -0.1195951054, -0.7919544517, 0.5987530018, 0.9928227484, -0.0954186800, 0.0720990002, 0.0000330969, 0.6030782884, 0.7976820024
cs032, hba0, -0.1195951054, -0.7919544517, 0.5987530018, 0.9928227484, -0.0954186800, 0.0720990002, 0.0000330969, 0.6030782884, 0.7976820024
cs032, hba1, -0.1195951054, -0.7919544517, 0.5987530018, 0.9928227484, -0.0954186800, 0.0720990002, 0.0000330969, 0.6030782884, 0.7976820024
